modelPath:/vendor/qua/model/pose192_p2.nbg
modelType:4 
modelWidth:192
modelHeight:192
sensitivity:50
modelClassNum:2
outConfidence:50
outActualChannels:17,1,34,34
outTensorZeroPoint:-5,-1,-113,0
outTensorScale:0.003759999992325902,0.0038799999747425318,0.1740500032901764,0.0019499999471008778
outTensorChannel:17
outTensorWidth:48
outTensorHeight:48
outNumOutputs:4
outKeypoints:1
inBufNum:1
logLevel:3